9722594956576345114853552579457276143261111192444799578672727957886683327271372133819278971611898756957842996585111365339361971461743891817626194556753445775574374978798963971134434418831174377534626965
1974564167258257824264216944786719691111111114515753896111111111151348862319628227667618698622968311111144871998554865956139377611111111111115795765667511111111152662587229761224283128412651111111111226
8463111111111961762351111111656221811116162211961712891112111111111646825111111987453723139164567118965117485381111119157218698111128978733864563121911164844711146117111119794811111983667111168785114899
9811111111111117639431113448113214111617985191925932363511146372911136719121111161284447283182357141151144354941519814359619131192869175657372131133116244785331125811198759278556911117569118825891423649
4211145649263411179758115289725835511144931259326252134591111193741146739121655117869821116339325138638123613512957215639932311933996464711114164151386695791581161187452998853411114165685711848823251573
1311298385135489119461341111373839646111636192485477211393141129891149227111699799118431169594911118775873534744498419571142713378321111658325598419834519776811339114521693277763231156554455111383999588
1811119144511119511983613881785249123618189351146771193494529261471136369711121637653116653111864411937117674755513711777251911111111963811111517413891111116118727361111111591211981925349749338166685199
6881111111111111118818954556298777287685925678822111111111846575211566588511114257184112339132339289119551495758385511851361711111161111111111816114128392731115173712275184941157328415417611166249498854
8962111111545291519554854641111111135921693196111111111111118358564687648251211774111958451155948592114272727111185671579195893264255611188113686817218486721455339918375131111111976365642111921114886981
4314532582587757333771476711222222116218342511111187265463114996151351111111111111113384891188742113322726591122156299111647466271165911983563356572145116825232584753561113571731691647511153991411282628
1286333151762631113137519112111111111116982111128694437363425994451111112214145111878674774411384271163897111222156118325949274111179511191174229634811111192663524823111671351773363681154114169237127985
2381733326456111111111618912144663717152781114624576571884392757811111112213979479553111968999547193317411111232138982588197911122114815214129566246417373813572417611382623113354743411328968258731142656
9731713193317119591521175911117885266162791111331417111111444585111666412216516172111121894737714676111111511232151829429111112222117617766527149692315988116773219511659611916199159519842169666854116351
1796111116823711219198612898111118843197843711111111118741817654115267412116981871112221345928511111111749311222111111111111112332193111151891612621211129819376117589111122377984782512834114769331115157
6591111111172671681115575195581111467372489738946738466353889398145118111166941111222321626711111146251864112111111111111699212322177111761125715627166111213539173811753191253156143116918114257785174926
2521184717118753424922324967873347215867937432486261111111623648173526111861911122233321921111835354339981111161213275311961112221183811116133171512221141111111185418351364315141225219215211958461317723
1211191957711854991544851116456947931763852688769111111111111276161751119161112223333221111221111111111111115883711113411111222211968751465294311149145281357264635967347317116197623919219261112111946759
8211565257867158217165111211114547311111111166581111445831121784192711731211222322222211111111111122111221924274411211511112232118591315363331112125991724534865328177591118751111988581661371511195344718
6811616774366811883131121111119361112111112112581215329456111779462112459112222221111115762374172111111121111161827636111112332157145758821111222163511111111121469818118619982611443621548987765939158626
5711141681269413241785121944111379121179911216951111732529211549286541111122211111174972237955926366268111112111154539822812222111111111111122222179911177811112293781696328451115622239953693235723778188
2261162691112696835118111366515119121555631214637111183675456952588611122211112114327979422188192629153485411112111167411111111111112211111223221194411567621211147765734362169327369185326985121961527392
4251118111998749291752111113541945111179851117389311111915798356731112221111246469178111111111111111176822333811122111111111894483711115261232211716531558638811344834216136357344994171624835111111111326
6591111116811832983222854111667539312171513195755565915111417611111222111728171391111152192689911211111115357729112222172368556522267735211232112636531153125961556483178535111173668397575281181877271424
6276511744178111111112528748111256211111412281428897794951819621112221155578629114461634394583991347921811117518211122112672591111176343112222154768647445589411288444411111111225691198759812469499331686
2531673414256111111111133936856165216511178599911111111171615511222211745164181696979386452111121432897931117465457112211812255352198511122211114254687422794221191671111119346346381961554719776981111651
3873195134431111696131132516756548462588271882111111111111424212222111482671615926998931111114152674311111136921673811221112391734111112221116774957996955232915659391116617711488313129157116461848382585
1522676188941116576611117349111111111811481371121185451218479112221155385682484269265111221134218911182463561886881151122211572913111222111993995511112156777497919963111511119289311111894658761534478614
1429321133978111936798139981111141111111135475121224221119331122211929966262112474971122221255944186137932481111115846112221643861691111118524332611131151344272755367911111517315172753116389219694279281
2782914157231211111789174766114566778111112713121198411186761223216469111591817469611223321159461645691359961169211757211221119731433118391243994241663611184789199113416348517431361118811355137862714779
4637123442875889511118849417111135476121111979112194211191311233215345111191448337512233322119133464811822911651133855631222211151256911797539356111126521176816995511111241831814846135112223583111111177
5945165988914412868224826658811113623189476295711112511533312233219754738459515452812233332211111111111675211366494987191123222111111111116814954335129231144766491174661114916716798681157379421483861142
7811188521113487569985117794645711111179213264521113511684312333218733861237695249311223333222222222221743911452572684199123332222222222211151632197412447117346119375599111122837656441466432712423981168
4911126881215869821111112118473522495835392426528571511136112333218341116954394584211122223333333222111111111124421189237123322222222211111381941125189114516431114787212211195216117439545553167426411747
2281166111213184911117153241788413682621117673918297751735812222211111111111799771371111122222222211121112218829749111569123321111111116662716321117499547613974441131162111988882795157129397272712779844
5151146191113636111449949719964761111111211111175248781227712211114177425311113385468416111221111119369812211191981111635123321425481911342631135992114696111392162847111121529658571111111592946814168869
5291184511141991113523543182271111222222222222111171362781312115148862216677111194671457441111964244951112221817654611677123321169177357611111111113111933132138561595547818485111111818911117218899894684
5386119111474985111799111627811222222111111122222111545251611192511162718494271111857172171561179111122912221154333411374123322161154264841989533112916111131943789161725347291113165111243111798862395263
5519811115542845111111137679112222111197765111122221116611113171111586516297696511117573539231114193311411111434965611377123332111415337958196237913934593469959111111117611571114148826561111387111161575
5539583897216427969687262491122221153136545752111122211112211111126515117924341652111111423616711569111111811466522117491123432221113154445291664611142268513111111361511188851899134281111184281148111746
7987888235118516327161458551223211846111111132211111122222213999812728115811181229611111111111111111111111611197571191239123433322113224281564411115968747198141537215191149211869811111917497861695511188
7436257231123711897381438111233214365161236276426465111122211979799442117148854345553451221111111111186859113283911149471123332222211372165741119248263433362193321185111566631592926295468438917646381112
7353156281127611693622592211223215114724916632611676465111111111147412314373317413482111211714447684522361111599112132811222222111111119577712915668411198875116996511114448754214814111111117529987711151
9427782311781411461613941261122211133721111111153534837324639589225817983292997541111121113538293656183411111431115481412232111173124893118698871111112111917811121638986511797947511114711119394358827638
6228187111711111911114284942112221162971122222111156818575143721135899761849111111221111717353776594719481116611215943112332128244796111111111173824122221112524155246922518174231211112984118455246859455
9511627211112117311193591385211222111639111122222111151122862648743817111111122222111352636614653194283441127916145322122332132119538111147471136583123322211149711192291111111158712876531169897598438612
9767618853111187641112751825171112211186862111122222111111111111111111122222222332126978995811111188619221113962553211123332117112655117368611296181123333222119745119111111111112711867194737342411114564
6617611622491183941836111651346711111111187884111112222222222222222221111111112232111111111111111414911911192162531112223432111796675146488119543411223333332211221871187524935112241115347679681116111819
6819261147443752241943211177394186271111111415631511111111222111111111714715511222222222221111864174111111298556522122333332221541723382591119757112222222333221171811462393331112451261111941111155651191
7571911199815129151186111144142262283712652359775424139511111172237255759113731123333222111327128311118211176255811122222222221614112278111171651122221112343322113511967655111152629129236471316643361346
6342125117927177911111113181111111726764651949964819572634923111111111451477397123322211144611841119636511641893112211111111111181516211163864611222211312333332217111663971139299575111113242881536511268
8813417113627611283211131751111111195842411111119156336649157871659611327188911122221119641452111634611149732211122112934881261333383168444683112222115512222223215131484713323711111111111698666179373623
2119886111396921158754934611631341111638111111111395392817321577263119569771111222111337784211223451119312945112211173199856169458186395217411122211186812111123211342716212492111114775121747312811961214
9911295111822735111495449113372211199151811674111882164411112555141135551111222111145442661113845116919139251122119421723311111159838535191112222117865411181123221555294192531111599219814785949276152799
3731126118175114118587895134789112194572151456281118461119316947115843111222211182641893116288511153613176111211162331215754111188784991111222211143374111828123321363286736771118444267334881152111118148
8428111164411114115973641395482911157399536199583652111232896411289911122221119185851138281363119461186411122119776711711116137857671111222221118114771112188123321672271311157111122456969829411131111455
6968967617185911119869151569873111838111111257166795111571941167531112222111962787736111118761241111194111221145196261687242699111111222221111458116991119732123321781865112121921111111186532111296851177
4273346447911631474297237251541194814111111761437291158561114939111222211195914333466212216851111676211122221742729511688111111122222221111129571752311183551123321223911122114131425268155646118468561172
7231249237592512667283319393828834571167511117174771191111612151122221112387158724538112111416646211112222221111111111111122222222211111833495114766111184831223321161112222214569233265111162186626491114
6118483474461474683555695446237911221459212175125473111933699911222211396113181415624121154235768411111111222222222222222222211111114717272681129961111712221233321111222333211644511111119497114971871115
1759611197161334215143852289919862811328412115359217483721441112221113769113344847111111152614111111328921222222222211111111115695479346211119422111113855811234322222222223221748111336271289848346111388
7888371344172183619736191111111747924488211139511914184754711222211979981115668248121117824411118854848111221111111115541851925266875744818214831111334145112234333222111123321183119622441181855281253444
5434661197136158511734143916361115534218611719113591769484112222113177118227118511111374641111122486111111111917868869717394111111111847419632111117543611122333322211184123322146112867799584741131385174
6373521164168113691165556648791112454613312836182411133851122221119221135471114111131243711129874111111118412699929527531111111111111114161111117339921112223322221118349123332126119612795476264245235258
1412241148117617921183458267311111136826882751189955176711222211857411384511354119387431111868881121112576711885348111227695147841712211791119328445111222333221111153457123432172411155747552115211119146
3671411986112313744111741891112473559166568411668226192712232116681118155118731114258111115961111111495447641361416111314916222235112114374113464891111112332211413239939123432194198124982795452917411712
9693118871211112256823111111165143147116414911143291168112322135151177211111111565893311192191121132183467111312211139269315886239111191975678352111112912322116212141123123432126375414722333877166891181
3383343456211197436885362192625541248111873711765421851122321154471598111113959591157111281911211733451189117975119676839249736911115461951549641114316112221181118881136123432162767561111142978194971229
6789643845983573359812972894539711113151149311488916773123321256813423119266168173679111719112219772917682111191175864186841111111126841936791111185781122211886119861194123332143541111743471127962946973
9445181225343181118456111854471111835171549591111117931123321168427683119553576711521119452122119647115851176511144234111111111196815724441811111264511222114732411651128123322111811145269131156361818233
8161532913238622731832697511186311925111589951283892821223321219898487116583951111911217141122195511172481798111451182258895331176293142811111557949112221129153511111441123321163113263131811298147328218
8611882114895571371177133711784111111124287164736564781233321355334638111867851125311216741222129281994291488213442511276714761118111111111189957311122211741611712111361223221395113599171114811283136249
2341641156728212255111177711269536958397346113553429941234321792111111611183111186191216861122127311182911974617672391823854911111111111479772128112222114874549111111881233211787412678769522252111111892
6731111184811861111531111111829241963577613133167978181234321824491119158111113565461112616122116649114931183518125265791791111651814289511151511122221148177411163612911232216628511758876445111228811123
2588596334115511176547218687823653521638131191311628151233321448998118397255251414456118149112219133411336158917261111111111187185591111192891111222111561735711268357512232111945431111679311442845113571
4189412815111869151574276191226241667115511184511747621223321441411115855277673113622111265711211294871111181816671111111182414142115915443211122221155311122811182676112322155866317498624112218831187459
1815951341158251154886178221458271132614997116611148671123321241111193111111111119599711159771121162267111759119117167346792892743285939371112222111423218519491115831122221192491112842921153176515678548
7282497111163711487678113431123261115713932811111129514123321117114751411298211271269811112685112118489966668116747414111111498557476995111222211157396288711111137811222211113111111133911321671164911838
1611451298111111719354414787121511168273967879267869931123322163111551913751244679144939111259411111111463657546136111118631188383899111122221119283973453114213782112222113271113942119111769628191691767
7218266863616359995481711284211111481381236339819194516122332118411119151498351924113625441111447122211111776258286943182211642461111122222111141541195665411787861122221137461154729611611111111164218255
3115892518946989713544317175986299287165111171111115277112222211971146498297113841111431859611111123222211111711995242511371111111222222111139913165811124579621111222211456532169359241645511355384111886
9123917538177728189375113621916853391451833639175331111311122221158186484487611797411116446842111122222222221111111111111111222222222111115681199675211821554731122221116673246116136181164465334411531899
9111841311358431162411116124638393111735988194388475119767112221125726332565711177551111998111159111111122222222222222222222222111111126219849111127411922886111222111337367114116616381134235932511551129
5157347173129511111111695762935415821111891544111111193253511222111659118874471111622171118711199147293111111111112221112111111196312622688811111579311678211122222138589276111115951111171814274156351151
8197491199613396211146376121767571869111111111111124674299331122221194111152223111115267114246211113158298157173711111811167556787781672511111114612115681112222211154791111111491323411662765166294951184
4687641381537161181922621463354315167774596155238533796119419112222111122111231191111111115783546591111111111716145296623111111138384411112111377374264111222221118539111447115381689291272331687787261645
6327191198643151119466591142721151968592111123178738218616818411122222222221111963789111195417217447694671221169611111111111646688911112211117597186111122222111991211162341115926121862331421173386611463
5894562112119112986466751111116553974881411149968111115311221424111222333322221111289583918477511111111111111465176871111845789511112211118677271111122222211154695135529291167524252411963977194311199878
5246149611123446728938911834952965211111111133881136561111945372581112222333322221111145455545779381111111512426537228245671111112222219588511111222222221116356911127222923856783111111127185111111483241
8862111286653578821111111274629933139326111631993376253776577513688811112234333322222111111194166424636584862169614611111111222222333211111112222232211111123949111111148746264111111379237916455643674771
8898611396343123411525694119578133227665571376633529245959895958746689611234444333332222222111111111111111111111111112222222233333343222222222333332119445216717947622786983911118969311629167989211111141
1483651365799335851144296915115211899163277682581381168811459593272787531233333333333333332222222222222222222222222222333333333333333333333333333332176659181427456553957918821115479521112545382118611463
7877521186185181371111179851615944111111111111111111111111111111111111111222222222222222222222222222222222222222222222222222222222222222222222222222111111111111111111111148983111111111992847442112371871
7429821188161996193865111114342326824717611111111111111111111111111111111111111111111111111111111111111111111111111111111111111111111111111111111111111111111111111118111825452289821711112967281193926355
9591881275183562214834929769856916191791423115598922281518636994723372285416767996832334116646783299379978915276123988143511722884472621154359276467279887449415112221281129189339431111111114391111519211
5399118332811276113513976985977892439511421672651111111165368911113174619848161111937472719611111652281435719912817612481111151624654764111451976293374111111119169412111111128722211392895811386179319896
4193332422911111151588771118234975955927113182116482111114311186111113276511111111111779461168775111816328563111768547111111111167819111111111133219411111173211149421151671113152111146622721639115556682
5824464756948661178938761441117967167117411921636312861141112995231136121143693415121179811279433711937812452971114611147743394117681193547835119432511194993321612351191389113864114244642111979751777213
5746117921967256958421718244115191119225811771583545111679151481111851113926428511111416217143696154571671493466116131149653678898871417112927154691116969525266878613313185717118611114817458979958614723
1918192572431794541138538111136611115814119861953751121436611111995227183917111111214141273514523685148424112377211273114394197394761448814935651193111794611739789252966882412574641117254943242433431722
2761443851416518816651172741171636381181167681345816771861423115548573818293719828895831232432291511111188611145189681171424884199938481211791581633932211147226358422726852358668862379516413422111114495
1831523172941897353716911898713494976989535265746232951188236487533656575642342363398529153276444111852311163915147747658581291181772848851111197457298316479649911323243844119998864115232939141159111172
5561113664195148711784391218197111111129238954111911111111143371138111111723265192446121111111119177228871766553173792869276123194958911611862211114429111674646946117881118461725124411497913387173211739
4771155468821135917432811119541474447284111119221843425173311749114692351113195715294435479911485616411997187418666581845618571192922166772741787112479111596699587611117191767152846791321771961387711963
7781161488671161251157116758572697417745831165167499161952113559961194781115762461115288211119929484299289693541647367998491596111725137981456111116877711195117572191111178914311587611642575171172115814
5183111111115266566111171121398311111111143355212891111111185428787911111184186815735111111717137223194991643429111111111631612531111138156596891826813965111112245874558845137221611124193736711111112622