4792926343157866491241824561762
6713456836268194162596888217288
1419442551921739147534792666115
3818872998294371462953362132856
1167492788829717164391378827935
1526225293522558443314214218239
6858812518828534672417927431689
6934287169819658725614697231638
3758671217955972545724976463572
3311458231612364228947281916136
7871858621454666365218767558415
9649292362979441654851439143673
8827389142661527917854886552411
1595295954386328946277173296919
6421862463529161569449793666947
359379719685682@752596439726855
5459723422667659359619632636822
9975552694989563812828911158575
1752894164489979787435888698438
9851826142842183749452915624648
5659439148593329412468115883767
3457217518359943516734783573313
2643121186723965841499731263688
2483551768546554361452865138933
6259556448827148171313894353868
9678364574765883778452893137814
7329763389113191735417634624315
7263625736553791783284466677524
5459153983619727393882826637752
6699765614886244839695455126738
9579768414351937144274786526972