7744467444566685544854867855545474856648745676784555737666677444465756675365535663533635635447536733454756888547765565878665656576686848646445844876685
5847885758846574865576585648666665477486475466744555555467777373365375563744576743344466733533577445673446466864686748654647788577778766477754665444857
8778787444885788886888487887548874664474878876663563765635553455376476444757336354337746473364563643477646576574677785765756567647865455684866756785687
4587484454478868568455477888485785487656573554543335666735774735344734534746563767365543466574677353573773636668656574646545788858765464484646785468756
4645446465584585886545784856556588645478433577563656773576676637663563534364563376634753756553676675364366365667755454688777475848466775765754866447446
8686476887768466768647577485885678484677344663747767776367453537767667364553636556735475463343754447734743754675558745486678644877458855467566868766657
6476847444467567857478654678445847776536763774444544734643333744576647357556545464537773666746447354455744744577633486886868587676767548467457456677556
7467747748587445755768667584548465776567656753444643477575557643577335576545757446476457363673746565436735374363656356475865486877648857446776865477554
4748754866748444867478648757548584454677337743537666575444647575474653554111111135467473673757344547534776364377666754748645545747865867784854446646565
6684667687878756754568456766746355773375734546653464676565447755477751111199999113633567653363333534673555477657476777345665686464765486574864785768856
854686875586577545686744768864663766647366764747466453434634445366653199911S999916757537657533764564747474635753766564644568676557647547857878444668556
4878765467884657458646785688453536637667666667654744664476463643674671999999999915334475575533347344774655566353644346775574567855785646874876845878755
8656684567776664544585484776654554746566563577773765445565544343563771999999999917657554646734556767665745447347534675776436885475775546657765847665587
7758788775576478548878768464466637533743335357567657656577674353337463473999999313545476337634343455746367744636457537536465478664688748776685565447647
5587677444864855747668556744543533463343463556774443367456377355767463466599994614374777356744335455575564736365447677366546774544688857456677855648475
7574486688674685877646545553655735554336577447774557436737377755556755446645576673636653577455737744373335663544746634735366366388588554774544787787667
8448586568654767446585537373344367764766774333737555474774736445437767437776447736634443654354637647355463445574336676476646544738664484864885655687755
4748685845655766864746757446633735664647553667776345666473365347466647436444533374543677656654667633763767776345655543533765564763555556446486585464787
8886886667867484478844537375464737635377733676557554574664545753776563643753366433654743674634466544744336745554475563747543755735568477454767855846845
5647645777446477446753364447744544553375737353337557433456354536754453455477553774466755635677334634357733344765546775573573565733635766584776767648475
8758474584877848575756775536367345577477646433747365455644643457676763474635563574776357674434745336756545677434377633756633364733766877645768658576884
4574547886557544567754335776345536574456346773356477534577477665364654545676355534443364534544363546753334443746737537543776764347734665568847864678764
5775876567577757637353733557743337674576373475756553644646764576773565347552467467667745433475657555446534767446763553556354477363634467758468548645566
7866588465765866445745747336575737635665433564543653465663774735752524545543636222464643454457356344373543543743575547433347365474374347886587568766468
4444877545854644543346345733444335635667363354476534436773463322352545642432563525442554263676767355736443365653766356343546557546646534667448645774675
6745746764658864576664376775633765547435663457533455766357225435344355224222435364444222365465774674574453666455433464576467764633775567475878488747457
4464647778745367565374644356667463735437433677767777533546355424264463332352256534444244664253246436433477666746545333737735444566764377744674454554475
4568548884876655736466444463635464444746337774667574435263233246665445435422424634452536444336225264333545556463536345434746767553756564356857754548846
7687865456436546534733646563577773777464457334464356255425256444252242464553355552362453245643622446457534533733736346534434664677677674374766877488886
4644556687534333356333364554465333335554677454647655266552454326253363556654325556545453424246425543247334374753644467657566666365675736465684484454467
8657448486743664676665663435337737343555356746662442353454433244332446262635335334525264346246365433434445445654545535647374347475546637367564468456785
5886667786474566754373346436755756575755676447434626424264543336636454535535552235446663623344434533643637466744343763333476776635435566554746456776454
4466767455664447643455665366474564553647443356526663446625233524532563563325533262422343524345655236225525577577337435473664534374753644346547565576786
6845884865356555476375354456573346563557545243424662654265526224224665653535453364456224566554252533346556627345766765566373346735563575636543368574756
5755477765667674756573355737337337337377746452263222333243656255223424336422446245666332624253442554325436264635454377373545543573653373744434764566446
8858887654643445577577337653666747677773356223434363445366242222624333433333264556256452555223233333343552436667434633555453755774735455567466435644644
8548747563635774444445354446677544364755563553642344526425324664555562226422332662363624456554523426243546423465574533473537546673354645354753447755577
8668644537657464376667765676655647443373325464465525662536654532554334442462265322563242243643465254646434562335357565763663376554477456476455757888666
6485464775343635763453353734477345653564455666222466524556246636545536242626455562352334553433564562633234446462536366747555747763473554475365347354874
7585447436753777645747446767456673536253535626424522266422242432363433422462562645566254522425264465346435356564267573664647566437543334465443766456765
4667445555754377336767635764576475653564436662443355464636566224625255656356346353566224234264554223342622226564446345453344646777536443575364453646585
6874547773653756735753474735377673525562265223552223346434566335556654352346454232356636352434324463654324534652464646335667536766775337367565376477844
7475446466337346474636777667636765245646556264244363622666625332526564223266224232435454266534335256243243656655224527343756344574477745553466634375554
6473645455676554737776573767466644436625636226524553446522352665243432463656534646352465622332643335524626332224626333574566765656333556736733445455675
7656544566535545376744373664567542222236655266633243634535534534434223536464223265652426355326336555456453432453664533554767354635436676564576556675357
5536744355376435463357746575576563623352263523423353354223435564642542352223643445633326352656234354264232454426262364467564363437757467465536363746785
4737567375336555563576774644567623366433256555366352623654234262232565532462533542645456556224353365365535654563666322364553775575633357566467665364764
8554473443635766354377676356743256522634543544526366265626343265322525434665446353663353465443444666465344353255444664544455753343457557533476436366354
4463557543575536737656537337674425563665223243642422542445564535245653635654622622522562345355362655336456254625652546236577353644646356364666335677477
5565443647374476755366746474565343544336245266244456423652465553646242443432223423633236632263526654424555552342322232653247757675453476556536756533755
3667544453433636575377357675335352454533323622524436446664456553443523335434343245253644642422646553652224325543234522545275765737373544766347343573566
6675446547547545756635364535423345352343236652363553464326243265554244233233444432243545253462654665633555324642242326643623465455346435365566677746774
6466333334475475767674554447566623423533226622436653253562634524543342432442222254532424535254254566532254543333325624642465763475763435736635556577674
6353556776755753456563735434265224243363564353262626342325222445224522333543535432524525334332326663664535526635456545656655477735563435774777366546447
4655365444356567346735337332533454665446526346355545646546442354535324252343535223234355533246264356242662426656225566455434575376374436566445454767373
3775543367775556433635576635233266635453452264366462224532254435335242222333233333254222435532544422563625463243554463254352277774743346434633364646735
5444366437767674565657434755433264432266366654436325643455342554222233242423254345334522435443634334533344624266462462643666377464456445637333547367677
3533447666475474634574746334426265563234626633222442625653532324442522244332343324524233435225334262256224664644254634433522355754454776657746775633564
6474477345754546465733433662656436535223362465552565463333344442534254544535332354334434334224546334632333435346636553645442265376777653575466735757435
5534656345535556667466534553533342233654654435555455424224423432552452225432345233335255332435554633256265526644522232332266535655435767553764745735645
6534473774345565736364746355624624554555625642433522353544522524523522523235534524324423323242553335422625624352464236222644653446736374364436354674433
4336766335777465644746443324666662623654364445545425645255342222323523553425554343524454423522542355543463234632662632242564454454434647456555436473547
5466647434654463556464332465223256254322323544342243354224434222244222334333242444252332552335532236364325246264333254534446655434435763633766637745657
5355675544345573665566665433666452653462662424425424244542234252252322234343454244334433554534442456224223434622346654453336344363447463757577455447663
3665356574565755373676775225543352262326362232624432552444545545455234423544525224442533553544254355426264633665324554554346536735735463334354336435334
7366637465443667434554423362223244534534352625263422222523534432243224525425352324253343343222254352254435552453252255553263536243757746447644457465676
6477554355344633445345363464354224533223355342446534232542452222325324452554352335552434552254523353323324434266264445465366653365666566676455375564777
3573643763553773666443345264363443366353643666645323542235243455252223334323544455432533345255254522452522643625254664656242244534753374573674754444466
5375554753465343364543754336566656534524544335422442255454243245353435235543224544454542443425324335465535254563354243622226534533437355333455365565744
7564377333455646356333324256425264255566433446465553534452255532244554355535455444222252235352442234442325222333655546356633554537565573343553537537663
3355433357536664745564352343253354452236255623264435252352323435443533353424253322444343452425224332446664446345224222344633262243346674777643565555533
7463454477754376534737442324522533243426262262352344324234422245225355235222434223325535232255252434325256556456554426366634344463563474344636643473537
6734477676575643735764344352533542444454232646342544435322342442442253233332252523323322254452255434324662232644362562434365336555776565536654353775674
4547577676764757553757336435455232525323564456636454233333434544423554332253443445234524224445342224446252636222233234553532244556556575764366533473744
5744766337447336746443545654462522345226242554545235553335245322323535254343234443524355223525455334445266624656555264464346623245763374753336657345474
534454574354673655675324352662446434244454523223255353332243232355543233443@542442552355535553222422332645626235535366255663523544537466646475777645647
4337367374457753664737232325223334252364244544523252453553533542534532243499954323542242425352544422432466562366345434452645635663553374555374774773473
4734346634544667345577556245364354424632544543656245225222243353352323352299932435245442433232353434323336533663464362445643624535675555333373756765353
5573345776645377345456466465436636562462653465353544232243442355335555243299942333242535535552335235236623342552223226255656656353577655545343765557574
3444646534766466567435732333355624422246235245245435432223333355243334552599944342533455453233335325434352326444234543535642656576477335663763766675537
7534455364747736663654563226642325562244353562652252422544352535253423442499945525545255522443434232525236333263433646554434322435747765754553454363654
5543773733463647535734643455665563353344426225465545535535233222355245232499922255252242234353343324232522445526625353445324446634733353663745777555766
4663364555433353544456734633424554344635364565235643423352254422242225252499923252432432225345324335263465542324243523236346234343657544355666346473436
7533477765434663435636436624636562246623636565652655542525445524242223333399954534523425342554343253326626332564244536424456522263547563376574443746564
6677477575665477535777562454632626626236234253564254355222245543442255225299952323252555424225353233453432535564655442436552655265663655445366346634773
6734667357764465467736655456355262266542643434425442232423255354344234334499924223532522423355523532542525664234343634654453335257533734576577433545755
5533573653454434636565654462654636256326323455232432542453235425254424242399923343342223242254524525236526455244254633443455345773637675343457474767463
3343634666657365744445472525453263424455666236252423533322544555243444243399944543322254352253255332356232325664463343666366446575363734744365457646477
3674456756665667474765346663335345256526254523445552233555525232444322334299925442435434532243534554645254642345663225532322452657664463443337564337765
3744474764633667446445553426243456345453254252423463622445225424242555433399945545445524343354342424632242233664645443635552555654434365576774476467376
7755547476375557573776667625363445233555543332626445643425225245342324453399932543423224325254434243646665465434444256333426264636437537737357775346756
7657657766353737376545453436544463546645432544454365544544253532422444225599934335244533225224243464233253536624633252532455364477354366735465645637437
6553567474346675744735473446244543326234623244536345235253235323322323425499932535523222353525342323263663224623326525543665256563745547465746337575734
6557653577677373447543755654325635546426322254553424534334335353232253235299942443434355542545234356436433433635464442653225673677666535347744373675555
3664446373663664476535347326532464424646635626243526654643523242255524425499923242434254545454435233635545553323245452423666353767735443773465673435447
4574374477346563437576333665445353532635444322223446256453434523455233433299933553342242255243663266234236546442636256542425235443335366474565376347633
5743444466774334676767664535652554325235234534624252334653222253344324555499923523344335554534232633436455663543426255362633634763443337645746357343434
4357666535437364433764575474645666445636533626632564255265452443555343234599924425342352444333645562664643453542326366653526556464733573335453647337463
6453436474753366344564376776454236646656554354226345644245442453533252342599933425424245245565424232564455322645554545653443645465737536747464374635733
4745643537636754376363647655243646346226645366346424226364522335522532554599944554332535526423543642655536236356434234455237344646446575737753663753367
6777463355737654576373373335436633246553564463565253642343543442463354324599943343324544536423424233224423643444335242323265554666655773364575375766746
4667767467763343633455477546542456545442622644332656244566554552224245425599922346232535434244336565252363634524425456365455444565436765655754466645334
6455776447664474376447766566573355434654242445652442232456543235244653455599964633666432632643554555363626434356222343534435355535547547364373643673436
4776675547545775553677573545646463352635356624524242362343245334423235332399956232232654424536453464422626565332266323442773356374445336334457577567536
7437376374764355367443446667674625624534566243335424444366346435364232236699962624524635663644636332335366355436564365566533744633634454463776375646355
6446336343566346337466337754553733453625654532344642355345366353354245646499942352664632265532325364244524645652663425447475733363464655655344534335546
4457533644567744556763466766745664525545354232334565355534662264633366653599933553254565626432344623532525436434556222277757633564674737665774367756574
7776346455456747553475334444465536424526443262544455446454363635524625235599955323364454465435254265624533234444464535774346454345445573446633543355677
6485757554543556665473467567575753653225334253454545522343234446235445425599955465226532254433534434336444355546656657547537734643436773654644445743577
5767367536463634374645777665744754755222364556252625425244323545364355452399925333452246643466323352364656643254345675354553535647464547356365764336485
4767655645657547354437747336765456762265443665233464334263435355242264623399955352546244555333442565653232666446434764575466543537746635745777343747576
6785655563665475536346677745576466456353342466335434334234626655642664565299946555266242424245265565566633365554556735446637734676673363354663374548866
7485874653566656343333445336565353374553543532326622263223336226264243436699922535444232243225664335554245262665233364357675573677575473665545434647458
7888464533545755345573674735537567333652436526522443364646423656554543245499936366642545536436662555324332342645635636747353733535776646373763566756654
5585655345566667477676535675537665444364523626534524543645223362223645236699954363556535452422665324336263332336644554576367736737643656574735467867585
7448564366373677564463573657347763577554763252232233632362542566364624362699962462432355344554234625422445433554555446473537736744665635455563448874876
6775766356534475533437546645457673557347636353543332242466222453245442445599946246425223432663344534466324546443645654544444333356566676474373766465746
4658766453665364753666344733373646564573756656222544435362234345546435524299934433453656653243366555665522327777347347564456675764357574577466744565565
8586568465574756474734444777356436767675566733654323244434244563463656432499924463653426456254564466555544445664767467565333355437444755565443547565864
4786548657756673575755564574647434363435767344442334643645665465453434256699943555652524625433666643355636336446536565756577654367555335674434865587745
6465445566574667455337733543545357676746475667744322626525223532623253226699966526366556666425524666564353757654556656345466354344644657633737468648564
4756855764633337363734353636373757337674665677476423625644222532463455352499942463555443555423436226243635653373734476666435364735756347473556748547554
4874468774766565443363646734653333577353657375564454265335455532322522263399936346246444626642322666633436536743575436566564674565745374373545486874857
4478586664574467464446354335553544564755546367374453342225536346444342265499926222355323664264655333537646747565676436534636376554356667677887578878666
4747876846684767577465334535355373565653744457467737373362365325623364336499964645434323442236464466555764474654744755435576447366356377346687468748586
7777875766488754646736465646757633365754444554435673567774642666666453355699946336522522662246757643556573777567335364675373655347366354567844785886848
4685688866658655773744564567545347467746745676665563636774746222423356623399922242622643533464733756656675443566635645345676454753545764545648678556465
6784456864857564376546756346436356653736565773637746563677664763462435243299925436244653637344435556753544647565574545746644777333534436646464558775458
8475766877456745754635663553337563544744344533573456664555463654654576775699937634344545636463455336666365645357536657343755356535633638886476565788655
5645857678466555565744644657754433537455456374676756636757453535337476555499957757453775775554664754776575375674343766464366363344773647786657757555585
6555555647774566765776633566433473677747746546663543535336645547565464546799977434375776333566673646657437373553365356334364344663674887758875485687668
6484586768764466486646643447475366555443677366644733535345355735667743774399976635454454745635534566677356777573734543763453333476656746644845565878765
6454644465767654484573356565637333656363764445557435546553736563536444547399975435374444654655745474756643373475476454347645553444668587447777664465777
6856765844887644488756534456635556344436574373647646663547634457357537346599963547665344534764374637457565676537753734373753474746786754577487755545858
4745574684674765768785437663576673533567375553377356453563753334563466674499977763775354465655757774463654366333567433434336565467567467784556657557888
4687744588767467858876534343676634457654353344545475434733366354434573375499946675343777575347356544656534643437664577647635774588777665486658666674785
7546488545455875465777456476474646564746475444546566747353774737476735443599947364475476773373376577347555546435473766675365343458754884865857468655675
5666654685657548757468445574563565646743473344657736667776366375334566444499974744564736765776755766555465663663544337644336768845748684876574575757754
5477547455557545868648844785363536576654434473653547346554575467457566644799944735365577473764455633443346774373533366547735784478746445745646458776787
4755864456677775756668486688777537464566555566734773453535444744637363467699977737756767557734333355477755735657344443465456785846865665484685857586564
5456587457868575444745675764483345464437445676677655356775477577356335575499954335453654463476343663677433634544763453735578458765855487777864476584765
6666646784885645784884555587578367735567533554353345534465373437455566544699935464663776457335347366453665576767477465437868456488544485567664878586478
7884885865657467675456574457545784535364744534575347367555565664437534373599934556555335733635654747673545773746437344648748848656886466477664845488676
5444548855658576745858484688755665736544457646544466464666654374343556457699967537447476767756664367546663634457337457644474877785875566577856447868755
4484754885578445466845475684884454554454643734376364665357435464666435775599956663643557773663535774437533665664377587558775567844448554585684756484768
6675644755646448844868457576658456764443545634456535653456573754376753675699965574746757333536744577756433674655476558464687656564468887485758476868846
8745555558644568584448588568557485674448376354554366755654336746446654663399975446553543543376575775476554346565744754574485566557585557746565884466688
8456675686768574744456588856745885456665854674367465456636464755344537337399936673474647773333637756463776644654648646766657674668548665545866568767576
5675644746466567575687757476674787664566746865765577535764363477556447335699944745346553465775534536647444576668757758745875574744486675675667556856646
5588787488777456847465484447587588788846484564774533536634543677537476674599963466647545556473733477654478785765567457584474674875658886468474645577585
5446586584788676846674674577665465844478544857847377477474744744654745537499934553445473466775475735668554548788747564547786586776578767558685678744555