1196912677
3881666625
5029806671
16672897324
20382158570
39534512439
39976890863
41350257505
63354192860
71319622533
75515484881
81360283122
99698410688
153045257559
157730237704
187052720259
246343124226
395990500755
457996858304
530928264331
562099209861
585669292273
648582457651
769371211074
816645669987
1208765795867
1384549655116
1530426841071
1565676921613
1612155955042
1612293021916
1644180476045
1652194158965
1670242281339
1710092272600
1758326136921
2223352052714
2239061601871
2255663954263
2351656406314
2406154733981
2927564161140
3127478492150
3306538633614
3503964627692
3576905402730
3635711115371
3704529095766
3931242858184
4161740471771
4196438826909
4197411952588
4280963405561
4753949044367
5114632499805
5138607322052
5250201843277
5294987360900
5355467831514
5450313603067
5452664502664
5519215913397
5914493633767
6015393474204
6027461839764
6258989242248
6349353240416
6359893595430
6583163600854
6617507933839
6622047053943
7036625054465
7076978218782
7113475123013
7217293998735
7326358311121
7349416987371
7760105316309
7889059370525
7905820233582
7945614189219
8048692087989
8056883753547
8338260309775
8380388871384
8612656705633
8690255640172
8721327116939
8722546169401
8778042103043
8864071940842
8961786109050
9049006177848
9151318003310
9244954246198
9367781732552
9555502927364
9794007755086
9799729837439
9814029529542