13256318262771464851237134342383154147144311514144582215865837161428883672536628458732638273221161425
22155378818516682685676151337587331475543462536456146534232638768428577187115384262683315574516544264
25158744231564538638618375582287356883857623514552234383642563115734133786761875732615722411768685231
22168673741174534487881434373382681386383871475135556263231145663425337853667158746114183316364814735
24453615764655712147657861157727785213537215576735764584342472637743856426574535533647152775422482285
26413751711588488675488888514515825688655628558118881672533331488726123861812517315728775436554283724
42177552282552833225847627885152863587826331333761268787141516156224784388372231315851636313272155376
28123352861162732668524828333827731786676657357388113285588844653166121486245588758626855477572377565
78741842138245118834872486442641278372283674361283783747541242277724353685485285854374235227472815454
13486323537886716133647584738612731238418737277357657355142114264325266213517783735727186578618312125
28384157656663737624658715572178686248116863637284515326524744431585558565465222573852433357246747234
17653331333344356656453164827852462853413238965696857857445711455114477115848674455855712622164655461
11868745742836231812847642418238287214569646698756675497689565662345753667856617313227615453121617547
88627385251173834855724618632113823789485774688689569995947757498981842741661454416685413861266435842
87163647167671834243338848417338685547564866978557848946697575686668444684546528452317137168443156215
76264628378531586126182614187424494866754899488979754596478999659986467653368323454522548375556468528
34832265788415872682578246384486845596775769499857465698595854597668594553875264277134187143144424574
15821116275711344712472524354855666674749975566468865659474586857589996656818584542311312443118723468
26822166774844176451411618176656456767865548649798499458968575698876658965653188863833436356386735161
82373161416861783623515477696685886977649986867789464668744486544875769655972475664832187732885786441
14331663424876167481757238767964958867669875968546749886448468949686787776567518827375642385371368764
27873178868421365127187856687856855574468478967778945584446649795876665696878774154616714251588463234
13243557442176412616164486455675795949899489564765986566956979498675559694976957332731362731671224126
53656348463337622586259897784455695876856547949564575587676545768474596688965896556365353145216668744
21342257416735286413278788895569569596468457895694946858788957664968497488874578743221887245847253527
77185354211165454144448758469595965758484644497577659758944776779965544886878878855133823531773173874
37884111216234372335959478568586897545846745575575698759596466768476446675957986859358825283576436125
73447671147858721188565768569545448865697589479964957596466445558994674668759648846957127463526411275
71541257113623682486997546879678845664464858678795889765886959494745769479557988769876671351582882344
71572816423627722497748769675486758655558856798965946865874447574674644748746886956671275572251381161
88327422733761356845745465596599885476654686597979846496794684569598444866685786574878183633328874518
57186648718232448446878957976956595665466985846667588679568966747545458796667565767777443255777784254
38784541236711157669849748775575496568656874458674976859648679585649745864744777956886421737731362466
78623424233254644957566694965878794468549946596498656669765888465748798484899584586777678672233416321
47437161766662558658666668587876554499784746759485944755977449967486487666866475748847646532274138384
75235481774671744597565884786688967498755679544849768887965946978478579988477448654479584347554137275
47427128834145856489865668688597768655566946844854959558668885678869788847497498775568797755647468147
33485573568354475754665564876658576446987968886594975894879847776786989987784645475444868378674753753
86444858428754578896966478988654659864797697679595944549876974798676999449489575677778685132783263546
33631311118355656577676788497669585795659586599988994446744686448878694647786496589895845574366575323
33627815653865555544594874647845486889778769667487576598596767667689997464646489954447459458337332234
85654321133296967758955656875786899695498558878894879586479998567847777575768747898948994846863812815
34315767658289598496577894589775866857954466798954666974889956486977797884987695846449776713331456778
35311443853865758758966896749645864966897778847949666449447585757849599487764964499989877755261412562
31111743254874769755945844867875859864987776657997477869886759486599749967945575568597668781268182142
62746362825497854469695856984575985649549874879997996564557877764844969668655967954576785591436273421
31316848126594665785789545895694454566594746865867767456655489656499465647886955979485585898873422612
26787252763799998795999648848688874559767987754544484588576846978979846875966797677887546773182183887
35865845653595775596774596877687444458977565478477854476965567565868854874659966846775977875316445814
65653637632679584957649466885844957479655787895667587557876795455469497675666667758466844651347427336
78366632774579966874664657876685996878755557645478@74858688987766984496759556749474879558667431231355
86411558434797749786685678959769877797558587775994476569966968945787578656869964545875754442856277687
25142274656646587576965579788787764647568665975469895788847447674447578575666687777658947981656453587
72386488613754869969665875855759765648587797559765648767658478688966959969746767554876894541237542514
86486382718595697986547655668677974446866986969996457646757747545446444979986748697794848968174384721
88723733351554796954754978457967455779746558785599675494869755677447784755854667779679967643527316177
52634121813678788664584796587948469678568598974866665758567876884896786686566994864955855858416565872
46727412556765976876468678488786865445674774465689554989755895845485499575999988785887865573661431781
66635736662568484598868586796785958884846486759547787966577569454748964498955577665766588968266737658
26441446552274556996459895657668559779679977968887477784786887578849599657698598868576784562734274251
66515572481696988799674477487986799869798766867474585894785548469847688989575957888957767812546223818
47762461741298474866879754585868758977557886549566468966964589575588469894554685547958955944433431886
81334678235157684788877587995966895785448678569854995954984759945846478454485975895674744946672786362
26236236367284688455859859656885478847997985979469765785457484758655855595659956954444486717464126865
13814865486547944555769777946549979555775477949467658779766654996456485894448977447675988565383412217
33254416622366675894988559787584698496546794689859777767788894686565885549866896496454464317213362383
73678432687786546696478497498986549897547975945599584799778675578558869855446477546665898442368531532
76855411616563746956455898548794574745568847996877569985576458845545789848789499657655887532436863827
24755174358175869474557565578968759755769658779684567667969668558594685975945457667944564211833822853
43232387367832666997579747766958459976757858554988456664855994654899676684767695685587857414654762173
66375866384376416975866967846668995744898777569799596996758965755969455476598978897466751516634413418
51125132132148436645886694949868889655859499449779899977586559787479466655545849478956552484637178621
73444563865538675944785779878585697959495755798688995994684468868945747446845774967953712172273627587
52278124625177755957569855569745598464978444786558875679854976856898866758978466885773286133775622286
73851458754611437774947669774889567757857668464747664644764499477697685698894474744565547822164571183
63616644846844874519465588447849589784746597488688779948787879599695999969657549844832868367888848678
47443182766263866584788659797766965886474747945486577747766678949969478558789595448861232563441457714
78223182768418283114699798566796956887997467756575869644967464657896969647897579571436856862436637144
57654756586131512558349977696677584496645768769948996896768486565568648677987495927343438555878723764
44247418241444842651379554549646595946789957594687949659896975747789485464867456826231124512388871181
75114845635327247878536764464574955696944485657749868868584878854598644699974598421785734265742468658
32371633738214487124351386967887596498969987675467749947996745855989689545768371764115354772412381327
77818831278681283171751547877675559697785799497748497666654566984979954878757141818423846271656544225
85262467867151522478463676564689976785574859899546959956887699486979454579963576746814681135168556875
13883515725318445158338647155957868679767498649448889979999495845795984999156331628342628645672817184
17185672755117654622572376671677874495777979479674845584896759874848768674227584743114762685747165466
52575783664815881726741544327564455457787767478778547846594899695674955345627345486136362576524287728
84322817766616538662857658557541526474655875865975678848676496688646272234373547833874145525425784343
61256627843737675173321635511471744758979695885847697977949985666812717735148222582717778258181555713
65842776221862327521288836766883464181685455459688556769954447768535757638581822877357234817574758853
44187427571626478356454516627517353482132178889585799694667572464432523175427684175581166246582577335
11857816553214631275143486418781326562483538677812221878432143378861213822872152311747321761351424523
35626216651385224771311418261356242321235521167748346354346233747865586537182322756686767885567416325
88486155431476234656224767146718441115324638583523132511748634647556283877882532816866467636572757728
54877885881653172752762653535763484843872431451688714678312818857163366172287735415512881337643383287
78666572517721426464455365743533474453442668116285863687554168188315164577321486583815434416554366186
15575463421642812373763318515573771251838886185377458537262335121225427648858857834744631564771736628
24467515464552472246122431123231882675585477131325348843214318684135331174315333851877462282383751161
11642474284375487463326276356814651648158576541282525545365261428726263622628846114762714263852662724
64547735545161231137223518411851114515882815636513577642278245757237746155446642624537543224846578646
16356456675763317452274443817341216118137587236872468345172246653558172246837232331648784741247644212