99999999999998697300542846991595831827435604288907539096195095403540855442682729618998218909805907524951506680062827993386314690067735767711861811020488547366672844776613251914
99999999999964846992479785118686814255343285588403062868871575138409076869736240463343826988549872923883485070089151826457083632343794943400509756803943028955884693784930908452
99999999999995919999179399154951891612445541923762263231538346798537906338582150727812230387549077571451131394262884806605544269885325080771253616510860145020483087322353639492
89999999999999999999999995074526445250037605706711155089595804943850321030462257064835367686769999960765694467469375638851316081759917361453618132815863089140654395446309802425
29999999999999599999993210621184144029221660905441068615823472976308675187364247439999999105999999995751599999958116791552124694655065682944173117155952563824943197190594470006
43499999999938299999995729809001481988473745868885206634952460835905102946322796349999999999999999999999999999997021669997231609247969578489184577603994128714224695512644615325
79999999999925372499993282345386818509053016148501730822858846494935037599999999999999999999999999999999999999999999999999815167622361479085583007968215121392660972780336747762
24499999952184807847193328179905163965259040344504755764683903319428456459999999999999999999999999999999999999999999999999978047990324179694946159431664110929014532985490380414
81999999923463077915358288427688948557161210887032913347549743200399996999999999999999999991186999994014299999999999999999999497159674751312453059543248114290805596906151198383
59999999940250291047579212476958979654848968092468765498382884999999999999999999996971199999756319999289319999949999999999999999999999737957431941203137128686542151724094765146
99999998478691759055498261839311550674628618304643652456616104346999999999999189999911440572898968689233172969633816999999999999999999236372479648244255433990549682553401494412
99999992639998999932664876238226508781936848568184995848624511747999999999833934919204594471159532685621698284515675999992999999999999901469987860033019067980921499108491050059
99999999999999999582889835191137920698833172405035278155669999999999994999932448460348689890535094905115392609899578599978942499999999999975243777492853427926051085873465692399
99999999999999994709798749833760225423690291700432761853989999999999949780088683130557211106294538848711147197456936015594418499999999999999999971770139129717117957007900382654
99999991819999996720872657936372449838770206821363292132769999999999991853576802642862775474038927164077254991395062191541531999999999999999999952717181844874809534034804433271
99999994114166157149531310901657599898271485181703720366999999999995675512617447724923965080334356129203200765779027418134276349877502999999999920394999312170439135340567628605
99999996387375327932182035751242060582041849675223642999999999999677379953898818577543128476467756282486840636395225607559368103840262199999999968866699533214537474305881358721
99999925352517950792642116451410870800568913237136799999999999997417061357059911831840708660432748813471875500933772930416138204175226699999999993998950166608158857403904274245
99999949091766740994362082563343317863782770880863832999999999603533060675079262656727971769195899834133525239301661799042002027998719999999999999999999939602117721114093357215
99999923948380681661029156779176436850006354102017859999994883781958328058081023744469357621780641017523546831745059883731689814792006999881999999999999996313529517492896574819
99999979994499970612689874042527575028164553319125999999987279479929656089490334786094399993998740696448076870544188293537769997464532969677779999999999993474279156682419841919
99999949999993553241131073554286000891345517908434999999999109239317093513054213957999999999999999996201006145015980874987140711673898021285807999999999955853101286558569443582
99999999999999896639941577024400177402399817471742699999321655583005506723211629999999999999999999999284162740647800762852400036562034774142743999999999691892012922986592200331
99999999999999341904827429854242910875467398125771799992684838425209401959539999999891383569849899999999960719174179708623613812256683112615099999999999842817499304968976448377
99999914899996060659638474121428686377581756726629999999967150379374033439999988210786320037303643939999999944309905142580848288596378874991999999999999999954222077729395229669
99999991107927836934466729370676187662192363285399999999924347429055912389999180548695373955077969793999999992310706786838356293931159399886351981239999999699999835825179392086
99999911306259937991087800411565912956777600754999999999121214465836982999983111686123898800789478359059299999792237318589628977258664941315270932562999999999999968811941300351
99999993664296569170460736531053838855163184737628999999210567007494815999954367853888884112662511331032399899999843958466719029394181662379118471523699999999999913141962720530
99999965164127991960914052196144239086004196183194999999958516863127539999635190888999999999242611729921974849999921569312919592357786454147749513398599999999999553431153902398
99999916992929997298058910783517573268058426081999999999246778541695919992101168888864190199992813925435292999999979092508741552706957883917411892899999999999996698427978806261
99999916999999416525218467971937469915881566245739999999623057617084749991463288888888845490999694813077487093799999107515717699682076299700194915799999999999982374762176789688
99999999999999992039645286908889769451876850580599729999932895309735059998748388888888884440199993167142761946799999637239046828108700806960273689876491899999999999645965231725
99999999999999981889093366605702248177094656913123499999997708715518693999932848888888888644629993590574403696999999567380171505774599901448187444628947439999999499998978107588
99999999239995971494223362769811906691247799219332999999344479477304910499931370888888888463419993925918263527415999895094853081364955604542323242917596599999999899999941077958
99999999974487374749982670756120168507139918339802999999999186214459039199998429623888886213669999099302303539979999995854656186719718931015625952797137618999999999999996766473
99999999923430769910966549430650220946704362605734170539999939122730932182999999999998871537549997058627284360699999990282903083516083469675484221195597274799999999999994747382
99999999909055441195213271136223072021145869116059947899999985851098157284788688888421977739699997051145653861499999937615459593202571402039395143613981999999999999999947022627
49999999995185526998510094354152747625473197628737328899999999907982858172709663603943853101999949515271414419945399991918609119993410582661614962504207999999999999999237122149
79999999995299910999880913923729442237936881152088321862219999946155810119879870732565509499999956509716902779245999999408425961950282053439575914283341499999999999915474279557
33729999999259999999609099034704589524386975251814172130109999999997895910853770234819245999999778556025322861999999999185021108165712077824443902892017399798999999996984351722
44869999999999999999828795378578445072530307769924544969779999999992299692079821897192999999926751739971418777938999949118519656619589083553443259817388288429199999999998956892
26341999999999999992432279638003311155375893367626122572408869499999999474999999599999999992485781237529738899975999969220747458660517461958057620070644149719761999999999938421
84099999999999724710354411311768423216594491406672015519282310199999999999999999999999961717868270874301559024889999999411064657314604587327902762572499733590236699999999999824
81999999999999990930139522024134363613102060536942451955248226053698899989999999999549613343404435095261028249999999999790404734999200152802465128843797814153631599999999999993
31999999999999994093121949139796448564738196243781233822669714521663049611299223112728507228024138360990325121999999995586480088201183413359154892550617196519291599999999999992
52699999999999999397424799518978350787834688574845769660565820358762118502996511711279240571729721386985811978999999361387093592866941439887706900387578292999999999999999999945
95981969999999999998999999999081729167292678893502710454158230940498834485424031473541551079296021614069779999999999346564866559521644972946408911519574453999999999999999999141
18582791099999999999499999999741259273375024783690675129668801808136755350895618692031413466446415148567499999999999420270874798158492073936497313580939770799999999999994998899
78489999252989999999999999995709273128714809504472146992708408749134573135998372316256280605359396065924449999999999139830835530684833282024932466535627619997239999999971541351
09661493201549999999999922121786176750783070386491440303882477350808661358735498952037119831774635957415199999999997644409618342451732383758787994428403879413812999999972343724
27421980480814999999999999556075034932803684010673978628250196555880225714494354294409898017980126529999999999956210347907375393415204318415079249259022227700982999999666999114
69413564351719999999999999245901424998582619234329959420929062306968479112275790858033337120188987999999999999935637837133138116039238777860708543730969132693104999999204891161
21389137531539999999999999999818999999957249986960575820873541826966513658825210643243953331205299401999999999999993636304836857186078392434763656220496545715049999999654999995
60759677188589999999999999999999999999932792309881027914767376324031037114242026384052317716748978046999999999940842743260787125837885008389722947431947557452489999999999999999
58478227826272499999999999999999999999971354089274920223102736953227004351207489107167642999999992699999999991157616152369192352314245217317357115559290109599999999999999999999
97709804738197633691859859999999999999999620089999957631870323245773149865431197016863879453999999999999960110723595734637905748011451432253690494499790429999999999999999999999
71015417241143173999436331999999999999999998099999993698792011823606657478438824999899913420299999999999770000651533594462606415381126724450169849780365792999999999999999999999
46823657709383209423625194799999999999999999999999954178429999989499449989989214929999999999999999999999896077207121920498612077806258864419125625768280185999999999999999999991
21725393155775433633275191299999999983999999999999994125733899992733295899999674599999999999999999999993946286729481021558706164008258015164274583216604799978999999999999994499
22751020658343898047875233599999999993749999999999999999999999999412976999999999999999999999999927007677185963571136044627406615131749781783942275003616891117365999999998779473
38864878568255104699654926219999999699962199999999999999999999999999999999999999999999999999992384270618056806854950244758081612651564920918706928819607337940705249999999901821
35894447295350270439999955885334999569881999999999999999999999999999999999999999999949999999999997175040361565988970102774155004935814621057624472629329283718672591899999999598
21623421977214800594917843612414499957401799999999993589999999999999999999999999999959729999997179824437242011449835546667460553895894155362248031192882238328961445799999999918
10567902519118705043818951865358029531432579999999989952189999999999987199999999998257575799943822304437717656044736489145698964658164863367658120475921729311791465645999999916
69856164744817489049330484340521846710171281999995939680539999999998987450999999999991127139189840137799877399007962499524795195352307611567808089382079575903131899998999999992
17810862909725413651363548302322208795710390887527993570691999999942713056764989399962721186475078101900879092393538593804853543533850190265735020957879999999122299999999999998
03188407527878544065981429394959825656766843123731999133077301442899408123975333973916828286148959157272119625101193181665017025151592539181344887017599999999976799999999999999
45611300603027434860702119261326877557336384007961819077131626079467752739227247261603823719872784671477146812492165387268446960742823279994034779800449999999299999999999999999
71563880716039531631473379530123116363109625902525940891574883092683843294853011386903498714224925334648709794132021973815201547319789105215256130281359999999999999599999999999
67041844968374175321470533118777463375336160908643847070927769797421417250891454759222537397105888132609800097470638289765516130301993865336681238799994109999999965999999999999
47405769798637930948904141641407345909585315377466132153501213424541751301757423971276670217476968188081228069297361247963019507695557809012549321998499519999815000399999999999
87689549365078580963851419873917812327154060062363288784405454817171934887430171044332848621708451536890241829759093684654269606857001541979999519516096385749963694399999999999